Webots Project File version R2018b
perspectives: 000000ff00000000fd0000000300000000000003200000040afc0100000002fc00000000ffffffff0000000000fffffffc0200000001fb00000012005300630065006e0065005400720065006501000000000000039f0000000000000000fb0000001a0044006f00630075006d0065006e0074006100740069006f006e0000000000ffffffff0000006900ffffff000000010000012c00000359fc0200000001fb0000001400540065007800740045006400690074006f00720100000000000003590000008900ffffff000000030000073f000000affc0100000001fb0000000e0043006f006e0073006f006c006501000000000000073f0000006900ffffff000006110000035900000004000000040000000100000008fc00000000
simulationViewPerspectives: 000000ff0000000100000002000001e60000031b0100000002010000000101
sceneTreePerspectives: 000000ff0000000100000002000000c0000000fa0100000002010000000201
minimizedPerspectives: 000000ff00000000fd00000003000000000000016c00000469fc0200000001fb00000012005300630065006e006500540072006500650100000019000004690000018500ffffff000000010000022e0000036bfc0200000001fb0000001400540065007800740045006400690074006f007201000000190000036b000000ab00ffffff00000003000005cd000000f8fc0100000001fb0000000e0043006f006e0073006f006c00650100000172000005cd0000004e00ffffff000003990000036b00000004000000040000000100000008fc00000000
maximizedDockId: -1
centralWidgetVisible: 1
selectionDisabled: 0
viewpointLocked: 0
orthographicViewHeight: 1
textFiles: 0 "controllers/WebotsIAVController/src/WebotsIAVController.cpp"
globalOptionalRendering: LidarRaysPaths
renderingDevicePerspectives: robot:MultiSense S21 right camera;0;0.0996094;0;0
renderingDevicePerspectives: robot:cameraLeft;0;1;0;0.123472
renderingDevicePerspectives: robot:cameraRight;0;1;0;0.123472
renderingDevicePerspectives: robot:MultiSense S21 left camera;0;0.0996094;0;0
